export type Pose = (typeof poses)[DefaultPoseName];

export type DefaultPoseName = keyof typeof poses;

export const poses = {
  open: {
    wrist: {
      radius: 0,
      transform: [
        1, -2.7755575615628914e-17, 0, 0, 1.3877787807814457e-17, 1, 0, 0, 0,
        -5.551115123125783e-17, 0.9999999999999999, 0, -1.1102230246251565e-16,
        -1.1102230246251565e-16, 1.1102230246251565e-16, 0.9999999999999999,
      ],
    },
    "thumb-metacarpal": {
      radius: 0,
      transform: [
        0.12480344614761929, -0.8543153127783831, 0.5045487525283782, 0,
        0.6001075657723354, 0.4699601714194013, 0.6473084538125901, 0,
        -0.7901233990379753, 0.22199722178985912, 0.5713337570936114, 0,
        0.03231902822781796, -0.011027456286821002, -0.03194998929930659,
        0.9999999999999999,
      ],
    },
    "thumb-phalanx-proximal": {
      radius: 0,
      transform: [
        0.31849691638363165, -0.7985158331518899, 0.5108153732102481, 0,
        0.7580037265228629, 0.5381233275707387, 0.36858362220993357, 0,
        -0.5692014627946622, 0.26980731065376495, 0.7766684317579438, 0,
        0.058008207556868085, -0.01824520034146937, -0.050525704511954594,
        0.9999999999999999,
      ],
    },
    "thumb-phalanx-distal": {
      radius: 0,
      transform: [
        0.1053197387804084, -0.8461426559960123, 0.522446798494955, 0,
        0.6363375315054969, 0.4610691319580711, 0.6184580823263353, 0,
        -0.7641876471045803, 0.2673169349317052, 0.5869917171812795, 0,
        0.0772433249423734, -0.027362859539725615, -0.07677175777326528,
        0.9999999999999999,
      ],
    },
    "thumb-tip": {
      radius: 0,
      transform: [
        0.1053197387804084, -0.8461426559960123, 0.522446798494955, 0,
        0.6363375315054969, 0.4610691319580711, 0.6184580823263353, 0,
        -0.7641876471045803, 0.2673169349317052, 0.5869917171812795, 0,
        0.09661816084257457, -0.03289561720974454, -0.09092140378943292,
        0.9999999999999999,
      ],
    },
    "index-finger-metacarpal": {
      radius: 0,
      transform: [
        1, -2.7755575615628914e-17, 0, 0, 1.3877787807814457e-17, 1, 0, 0, 0,
        -5.551115123125783e-17, 0.9999999999999999, 0, 0.020869654977631047,
        -0.006977043844666464, -0.03517426165172266, 0.9999999999999999,
      ],
    },
    "index-finger-phalanx-proximal": {
      radius: 0,
      transform: [
        0.9981373129947128, -0.05964144412605912, -0.012824241206574577, 0,
        0.05935355542913233, 0.9979996175013436, -0.021761407323131476, 0,
        0.014096468623780667, 0.020959632460858968, 0.9996809054582301, 0,
        0.023550693077599272, -0.007316468441284196, -0.09599625494110564,
        0.9999999999999999,
      ],
    },
    "index-finger-phalanx-intermediate": {
      radius: 0,
      transform: [
        0.9995627515573511, -0.008631551910337834, -0.028289735260620702, 0,
        0.003373671192425126, 0.983500189039053, -0.1808769278407581, 0,
        0.02938420634271216, 0.18070244147821118, 0.9830987415017627, 0,
        0.023016040932999693, -0.00811142264009046, -0.13391144073282157,
        0.9999999999999999,
      ],
    },
    "index-finger-phalanx-distal": {
      radius: 0,
      transform: [
        0.9962497267445497, 0.014302556221328186, -0.0853387584349744, 0,
        -0.02954623138401101, 0.9831969525114953, -0.1801430258948687, 0,
        0.08132822240587148, 0.18198895061590092, 0.9799315455307115, 0,
        0.022301924395371375, -0.012503177663575893, -0.15780436753770466,
        0.9999999999999999,
      ],
    },
    "index-finger-tip": {
      radius: 0,
      transform: [
        0.9962497267445497, 0.014302556221328186, -0.0853387584349744, 0,
        -0.02954623138401101, 0.9831969525114953, -0.1801430258948687, 0,
        0.08132822240587148, 0.18198895061590092, 0.9799315455307115, 0,
        0.020158319630089294, -0.015569359441855113, -0.17987832353783062,
        0.9999999999999999,
      ],
    },
    "middle-finger-metacarpal": {
      radius: 0,
      transform: [
        1, -2.7755575615628914e-17, 0, 0, 1.3877787807814457e-17, 1, 0, 0, 0,
        -5.551115123125783e-17, 0.9999999999999999, 0, 0.0046601914779597076,
        -0.006383341910657037, -0.03301174077899416, 0.9999999999999999,
      ],
    },
    "middle-finger-phalanx-proximal": {
      radius: 0,
      transform: [
        0.9945712417259127, 0.012678589492803892, -0.1032869689995437, 0,
        -0.024872251850794447, 0.9927452595770779, -0.11763917610805197, 0,
        0.10104605975717201, 0.1195696269250397, 0.9876703803243543, 0,
        0.0017259170168966165, -0.0025431780567569673, -0.09564662957848769,
        0.9999999999999999,
      ],
    },
    "middle-finger-phalanx-intermediate": {
      radius: 0,
      transform: [
        0.9928324079952511, 0.03414126879575535, -0.11453793205904177, 0,
        -0.05739909533953075, 0.9767861436214, -0.20638538520887717, 0,
        0.10483274141174495, 0.21148055592877146, 0.9717438594357468, 0,
        -0.0026116933394160213, -0.007675943450822564, -0.138044382653692,
        0.9999999999999999,
      ],
    },
    "middle-finger-phalanx-distal": {
      radius: 0,
      transform: [
        0.9845379549118534, 0.11469100889874302, -0.13240937884765508, 0,
        -0.13458834316108825, 0.9790680288135836, -0.1526855965103589, 0,
        0.11212600046638027, 0.16814567187808704, 0.9793645284352401, 0,
        -0.0054998195429241115, -0.013502089063255895, -0.16481546979827189,
        0.9999999999999999,
      ],
    },
    "middle-finger-tip": {
      radius: 0,
      transform: [
        0.9845379549118534, 0.11469100889874302, -0.13240937884765508, 0,
        -0.13458834316108825, 0.9790680288135836, -0.1526855965103589, 0,
        0.11212600046638027, 0.16814567187808704, 0.9793645284352401, 0,
        -0.008755931216255064, -0.016621797553363238, -0.18939807954225685,
        0.9999999999999999,
      ],
    },
    "ring-finger-metacarpal": {
      radius: 0,
      transform: [
        1, -2.7755575615628914e-17, 0, 0, 1.3877787807814457e-17, 1, 0, 0, 0,
        -5.551115123125783e-17, 0.9999999999999999, 0, -0.014992350246442188,
        -0.006015769784532776, -0.03477552210579471, 0.9999999999999999,
      ],
    },
    "ring-finger-phalanx-proximal": {
      radius: 0,
      transform: [
        0.9819466822008711, 0.09926868377248453, -0.16101710983024456, 0,
        -0.10117289951722665, 0.9948622519383337, -0.003649914195349213, 0,
        0.15982748768680238, 0.01987462586432065, 0.9869448423921208, 0,
        -0.017465267486886815, -0.006529300759122503, -0.08869378590104582,
        0.9999999999999999,
      ],
    },
    "ring-finger-phalanx-intermediate": {
      radius: 0,
      transform: [
        0.9713703087478436, 0.16895114192728497, -0.16701982143220662, 0,
        -0.1938738514602512, 0.9700606548837444, -0.14627258053494357, 0,
        0.13730638036884688, 0.17446566339133368, 0.9750429193345506, 0,
        -0.023697888201331785, -0.007304372868699338, -0.12718079387636594,
        0.9999999999999999,
      ],
    },
    "ring-finger-phalanx-distal": {
      radius: 0,
      transform: [
        0.9744834380651953, 0.19438558758587354, -0.11223549526965423, 0,
        -0.21582739931881517, 0.9487981222859263, -0.2306535723133612, 0,
        0.061653047730269056, 0.24899164808023355, 0.966541275208242, 0,
        -0.02734659094328773, -0.011940459082308785, -0.15309099076913346,
        0.9999999999999999,
      ],
    },
    "ring-finger-tip": {
      radius: 0,
      transform: [
        0.9744834380651953, 0.19438558758587354, -0.11223549526965423, 0,
        -0.21582739931881517, 0.9487981222859263, -0.2306535723133612, 0,
        0.061653047730269056, 0.24899164808023355, 0.966541275208242, 0,
        -0.0294447718762606, -0.016521806260556327, -0.17694518648400137,
        0.9999999999999999,
      ],
    },
    "pinky-finger-metacarpal": {
      radius: 0,
      transform: [
        0.8748797939895491, 0.395698966421091, -0.27929793199614994, 0,
        -0.4059787204444033, 0.9136014093602536, 0.02265880726967079, 0,
        0.26413312299024677, 0.0935652471280507, 0.9599370727676126, 0,
        -0.022998563200359534, -0.009419837536744136, -0.03407357147428025,
        0.9999999999999999,
      ],
    },
    "pinky-finger-phalanx-proximal": {
      radius: 0,
      transform: [
        0.9077000903328022, 0.202531573450894, -0.3675067692252345, 0,
        -0.1743166359093376, 0.9786609846582968, 0.10879395646992035, 0,
        0.3816988375931478, -0.03468979211799761, 0.9236355472351092, 0,
        -0.03505405749089485, -0.013691197744843175, -0.07789585839480295,
        0.9999999999999999,
      ],
    },
    "pinky-finger-phalanx-intermediate": {
      radius: 0,
      transform: [
        0.8526059311596292, 0.29026632940839986, -0.4345202847866795, 0,
        -0.3540998060899306, 0.9324374336499939, -0.07192395258136097, 0,
        0.3842860643015711, 0.21518629334845008, 0.8977856071180589, 0,
        -0.04678002453916352, -0.012625508356819748, -0.1062703299765263,
        0.9999999999999999,
      ],
    },
    "pinky-finger-phalanx-distal": {
      radius: 0,
      transform: [
        0.8857012017681882, 0.3112929717195881, -0.3444276710208195, 0,
        -0.3733458132442119, 0.9185563148868452, -0.12987537420005324, 0,
        0.2759468182557029, 0.24362143629010524, 0.9297859451768816, 0,
        -0.05458544847079616, -0.016996193941646087, -0.12450557585457589,
        0.9999999999999999,
      ],
    },
    "pinky-finger-tip": {
      radius: 0,
      transform: [
        0.8857012017681882, 0.3112929717195881, -0.3444276710208195, 0,
        -0.3733458132442119, 0.9185563148868452, -0.12987537420005324, 0,
        0.2759468182557029, 0.24362143629010524, 0.9297859451768816, 0,
        -0.060870535206062004, -0.02114320992802965, -0.14513157009174316,
        0.9999999999999999,
      ],
    },
  },
  close: {
    wrist: {
      radius: 0,
      transform: [
        1, -6.938893903907228e-18, 0, 0, 6.938893903907228e-18, 1, 0, 0, 0, 0,
        1, 0, -1.1102230246251565e-16, 0, 1.1102230246251565e-16, 1,
      ],
    },
    "thumb-metacarpal": {
      radius: 0,
      transform: [
        -0.04566769199411977, -0.9315307896983256, 0.36078391377157104, 0,
        0.9090251077821988, 0.11100900727087104, 0.4016847594027415, 0,
        -0.4142319184963862, 0.34630577983682687, 0.8417151533257832, 0,
        0.025491276584249878, -0.02169835938303577, -0.03709584251744724, 1,
      ],
    },
    "thumb-phalanx-proximal": {
      radius: 0,
      transform: [
        0.10040692531761711, -0.9462240741746232, 0.3075362008058203, 0,
        0.8490762194862024, -0.07963503013790146, -0.5222335642016903, 0,
        0.5186406271872519, 0.31355757730081746, 0.7954203581871844, 0,
        0.03895916149575551, -0.03295776815607443, -0.06446246210360884, 1,
      ],
    },
    "thumb-phalanx-distal": {
      radius: 0,
      transform: [
        0.055240220228679277, -0.8924466276489993, 0.4477586010585994, 0,
        0.40216886641959193, -0.39057072305640317, -0.828078966055742, 0,
        0.9138976883303348, 0.22581778109569467, 0.3373389418201406, 0,
        0.021432654779182214, -0.043553837052867195, -0.09134216809679663, 1,
      ],
    },
    "thumb-tip": {
      radius: 0,
      transform: [
        0.055240220228679277, -0.8924466276489993, 0.4477586010585994, 0,
        0.40216886641959193, -0.39057072305640317, -0.828078966055742, 0,
        0.9138976883303348, 0.22581778109569467, 0.3373389418201406, 0,
        -0.00066477745302429, -0.04890975183836088, -0.10078821899362955, 1,
      ],
    },
    "index-finger-metacarpal": {
      radius: 0,
      transform: [
        1, -6.938893903907228e-18, 0, 0, 6.938893903907228e-18, 1, 0, 0, 0, 0,
        1, 0, 0.017455798140039613, -0.012312525301477861, -0.03774719158149975,
        1,
      ],
    },
    "index-finger-phalanx-proximal": {
      radius: 0,
      transform: [
        0.996489908807548, -0.08368883724322247, -0.002015197674316682, 0,
        0.04961229192705818, 0.6097847986175348, -0.7910127075921847, 0,
        0.0674278053252646, 0.7881362745268863, 0.6117963566754226, 0,
        0.023550719462920422, -0.007316503047988032, -0.09599626178659526, 1,
      ],
    },
    "index-finger-phalanx-intermediate": {
      radius: 0,
      transform: [
        0.996830477439888, -0.0628884919610842, -0.04872570130393583, 0,
        -0.0790984759960732, -0.8490515386996033, -0.5223552194400751, 0,
        -0.00852047988856186, 0.5245537014388961, -0.8513347722178388, 0,
        0.020993381582950166, -0.037208391641236016, -0.11920004342310997, 1,
      ],
    },
    "index-finger-phalanx-distal": {
      radius: 0,
      transform: [
        0.9947715477658634, -0.10023761059071153, -0.019545925304611744, 0,
        -0.08858375880614774, -0.942152416728747, 0.3232673575712034, 0,
        -0.05081882949533817, -0.3198457224995116, -0.9461058277948152, 0,
        0.021200469062754856, -0.04995697105725194, -0.09850950660737923, 1,
      ],
    },
    "index-finger-tip": {
      radius: 0,
      transform: [
        0.9947715477658634, -0.10023761059071153, -0.019545925304611744, 0,
        -0.08858375880614774, -0.942152416728747, 0.3232673575712034, 0,
        -0.05081882949533817, -0.3198457224995116, -0.9461058277948152, 0,
        0.02195204907960635, -0.04374025743876797, -0.07701424362116083, 1,
      ],
    },
    "middle-finger-metacarpal": {
      radius: 0,
      transform: [
        1, -6.938893903907228e-18, 0, 0, 6.938893903907228e-18, 1, 0, 0, 0, 0,
        1, 0, 0.0012463455101491272, -0.00905115568404613, -0.03558471174432942,
        1,
      ],
    },
    "middle-finger-phalanx-proximal": {
      radius: 0,
      transform: [
        0.9904070281685253, 0.006973998756866655, -0.13800403842945044, 0,
        -0.1218816948000688, 0.5146465404915356, -0.8486952528741647, 0,
        0.06510449285953093, 0.8573740254892165, 0.5105596645549326, 0,
        0.0017259807471504685, -0.002543216759057776, -0.09564662428415094, 1,
      ],
    },
    "middle-finger-phalanx-intermediate": {
      radius: 0,
      transform: [
        0.986351656970012, 0.01032286672638804, -0.1643303834817392, 0,
        -0.07296785373063909, -0.8672763965845335, -0.4924504701034244, 0,
        -0.14760330250103254, 0.4977200855917129, -0.8546862227947992, 0,
        -0.001068836301260867, -0.039347647400155394, -0.117563419038335, 1,
      ],
    },
    "middle-finger-phalanx-distal": {
      radius: 0,
      transform: [
        0.9659123156458571, -0.15472580792852636, -0.20754346953928904, 0,
        -0.04924129947703457, -0.8969012536523733, 0.4394812629342871, 0,
        -0.25414518618309445, -0.4142803682488148, -0.8739468119207345, 0,
        0.0029976389124701797, -0.053059673006959907, -0.09401718700714345, 1,
      ],
    },
    "middle-finger-tip": {
      radius: 0,
      transform: [
        0.9659123156458571, -0.15472580792852636, -0.20754346953928904, 0,
        -0.04924129947703457, -0.8969012536523733, 0.4394812629342871, 0,
        -0.25414518618309445, -0.4142803682488148, -0.8739468119207345, 0,
        0.008988197613610471, -0.04368949401661193, -0.07163527599888775, 1,
      ],
    },
    "ring-finger-metacarpal": {
      radius: 0,
      transform: [
        1, -6.938893903907228e-18, 0, 0, 6.938893903907228e-18, 1, 0, 0, 0, 0,
        1, 0, -0.014992256733353249, -0.006015854235877249,
        -0.034775570763239005, 1,
      ],
    },
    "ring-finger-phalanx-proximal": {
      radius: 0,
      transform: [
        0.9691337960372998, 0.08664254087852608, -0.23080911379889146, 0,
        -0.2465264242195983, 0.33253308222786815, -0.9103001843178529, 0,
        -0.0021190365960379043, 0.9391032783100474, 0.34362867564484434, 0,
        -0.017465205801667105, -0.006529355865416586, -0.0886938286529878, 1,
      ],
    },
    "ring-finger-phalanx-intermediate": {
      radius: 0,
      transform: [
        0.9430600346701574, 0.09139442891921752, -0.31982012710147334, 0,
        -0.054759198755408064, -0.905731926954083, -0.4202989166394072, 0,
        -0.3280842464747574, 0.41388017040243297, -0.8491548424473893, 0,
        -0.01738257196739812, -0.04315073120965862, -0.1020939889241762, 1,
      ],
    },
    "ring-finger-phalanx-distal": {
      radius: 0,
      transform: [
        0.9276310615206192, 0.03782446119760673, -0.37157863652188294, 0,
        0.21606114773855623, -0.8658467544682087, 0.4512507032710543, 0,
        -0.3046619200786964, -0.49887764361802955, -0.8113587385837346, 0,
        -0.008664227703021665, -0.054148966682023514, -0.07952912121851552, 1,
      ],
    },
    "ring-finger-tip": {
      radius: 0,
      transform: [
        0.9276310615206192, 0.03782446119760673, -0.37157863652188294, 0,
        0.21606114773855623, -0.8658467544682087, 0.4512507032710543, 0,
        -0.3046619200786964, -0.49887764361802955, -0.8113587385837346, 0,
        -0.0011448176763334539, -0.043415341370599214, -0.05897036405318978, 1,
      ],
    },
    "pinky-finger-metacarpal": {
      radius: 0,
      transform: [
        0.8748797859517758, 0.3956989461414345, -0.279297846913903, 0,
        -0.40597866361100415, 0.9136013764093104, 0.022658781427450203, 0,
        0.2641330609407547, 0.0935652786432816, 0.9599370972988902, 0,
        -0.022998565972010332, -0.00941986678763107, -0.03407357027131408, 1,
      ],
    },
    "pinky-finger-phalanx-proximal": {
      radius: 0,
      transform: [
        0.9086781618674649, 0.26154964359321975, -0.3254165822366974, 0,
        -0.35110460452770414, 0.05699374901147289, -0.9346000590074295, 0,
        -0.22589759635964438, 0.9635059146070424, 0.1436201713730974, 0,
        -0.03505407141381489, -0.013691199043185054, -0.077895826202948, 1,
      ],
    },
    "pinky-finger-phalanx-intermediate": {
      radius: 0,
      transform: [
        0.8799372725610068, 0.14934575099917213, -0.4510063574047656, 0,
        0.015972644011983166, -0.9580695634290645, -0.286090316510476, 0,
        -0.4748217987236171, 0.24453772242989608, -0.8454265140443109, 0,
        -0.028114376323117307, -0.043290514555025195, -0.08230794424547472, 1,
      ],
    },
    "pinky-finger-phalanx-distal": {
      radius: 0,
      transform: [
        0.8388969620691951, 0.13517417600757553, -0.5272387936546844, 0,
        0.4224208279413255, -0.7725510953908552, 0.4740523678657083, 0,
        -0.34323943139430435, -0.6203974667860637, -0.7051911468198137, 0,
        -0.018470106353326243, -0.0482574031712647, -0.06513615271422601, 1,
      ],
    },
    "pinky-finger-tip": {
      radius: 0,
      transform: [
        0.8388969620691951, 0.13517417600757553, -0.5272387936546844, 0,
        0.4224208279413255, -0.7725510953908552, 0.4740523678657083, 0,
        -0.34323943139430435, -0.6203974667860637, -0.7051911468198137, 0,
        -0.010225018335569103, -0.03556296534947179, -0.049230164370442364, 1,
      ],
    },
  },
};
